%YAML:1.0
---
figure1: [ 675, 904, 567, 965, 585, 967, 685, 905,
    912, 905, 945, 933, 967, 933, 929, 905, 
    623, 544, 619, 602, 738, 607, 740, 549,
    757, 550, 754, 608, 877, 613, 879, 553, 
    904, 556, 903, 613, 1023, 616, 1023, 559 ]
figure2: [ 646, 920, 470, 1014, 493, 1019, 659, 
    921, 928, 918, 974, 958, 1001, 957, 946, 918, 
    605, 517, 600, 580, 731, 585, 734, 522, 752, 
    523, 748, 586, 882, 591, 886, 527, 913, 529,
    911, 592, 1043, 596, 1043, 534 ]

points3d: [ -2.4661570214021014e+00, 3.8753464321376665e+00,
    9.3605374944706004e+00, -2.1295141512140803e+00,
    2.4595123722957086e+00, 4.3489146942265560e+00,
    -1.9764408814196590e+00, 2.4374552816066437e+00,
    4.2992423132858057e+00, -2.4170069066880462e+00,
    4.0113821624071848e+00, 9.6915189736829710e+00,
    3.8419135355229805e-01, 5.2024400086182601e+00,
    1.2989404840792719e+01, 7.3091106551724416e-01,
    4.1919851813045543e+00, 9.3756596199877862e+00,
    9.9703804782444261e-01, 4.2196780828794953e+00,
    9.4379156550091210e+00, 6.5686844398399880e-01,
    5.4525011784981743e+00, 1.3621355384411675e+01,
    -6.5853197059037250e+00, -1.6569243086019370e-01,
    2.2624290307391881e+01, -6.5640917891781285e+00,
    1.2227213079798398e+00, 2.2125076537742128e+01,
    -3.6730861048490024e+00, 1.3356807104632695e+00,
    2.2483658181829366e+01, -3.6948546295182343e+00,
    -4.3017092905625498e-02, 2.3034282860450105e+01,
    -3.2527456881174071e+00, -2.1439438736636229e-02,
    2.2845111275779917e+01, -3.2544920221244835e+00,
    1.3394570425048760e+00, 2.2241418031688411e+01,
    -3.4382283727606566e-01, 1.4261275325593346e+00,
    2.1995387669983085e+01, -2.9258653846491989e-01,
    6.3814881148320013e-02, 2.3015130838842719e+01,
    3.0048273669113573e-01, 1.0626268556105967e-01,
    2.2020715000067820e+01, 2.7056471567476958e-01,
    1.4904581572479643e+00, 2.2706549414560055e+01,
    3.1218244990215043e+00, 1.5559059193836364e+00,
    2.2342854988161328e+01, 3.1584830984868910e+00,
    2.1340022162955796e-01, 2.2655708081089415e+01 ]
x:
   - [ 0, 1 ]
   - [ 2, 3 ]
   - [ 4, 5 ]
   - [ 6, 7 ]
   - [ 8, 9 ]
   - [ 10, 11 ]
   - [ 12, 13 ]
   - [ 14, 15 ]
   - [ 16, 17 ]
   - [ 18, 19 ]
y:
   - [ 0, 1, 2, 3, 4, 5, 6, 7 ]
   - [ 9, 10 ]
   - [ 8, 11 ]
   - [ 12, 15 ]
   - [ 13, 14 ]
   - [ 16, 17 ]
   - [ 17, 18 ]
z:
   - [ 0, 3 ]
   - [ 1, 2 ]
   - [ 4, 7 ]
   - [ 5, 6 ]
   - [ 8, 9, 10, 11 ]
   - [ 12, 13, 14, 15 ]
   - [ 16, 17, 18, 19 ]

first: [ 50, 1008, 116, 994, 182, 980, 244, 965, 303, 953, 362,
    940, 428, 925, 466, 917, 502, 909 ]
second: [ 493, 1055, 528, 1032, 559, 1012, 582, 998, 602, 985, 620,
    973, 644, 958, 655, 951, 668, 943 ]
third: [ 937, 929, 952, 944, 969, 960, 988, 979, 1006, 996, 1022,
    1012, 1038, 1028, 1057, 1046, 1075, 1064 ]
fourth: [ 1177, 935, 1230, 950, 1279, 964, 1356, 987, 1427, 1008, 1485,
    1025, 1534, 1040, 1590, 1056 ]

