%YAML:1.0
---
figure1: [ 746, 646, 646, 735, 1111, 713, 1004, 635, 1265, 620, 1512,
    672, 570, 623, 564, 605, 965, 216, 974, 341, 1186, 338, 1172, 216,
    1272, 375, 1280, 488, 1329, 486, 1324, 374 ]
figure2: [ 720, 673, 537, 837, 1236, 803, 1037, 658, 1348, 637, 1711,
    715, 526, 637, 519, 616, 977, 184, 987, 321, 1219, 318, 1202, 187,
    1311, 360, 1320, 483, 1374, 482, 1366, 360 ]
points3d: [ -1.7463583829660088e+00, 1.4485824023331089e+00,
    9.9464551200063287e+00, -1.5709846136640657e+00,
    1.3519720829710842e+00, 4.1327917060161452e+00,
    1.4500248604699553e+00, 1.1998191430276550e+00,
    4.1738673201567131e+00, 1.3666148852211506e+00,
    1.3266483822406230e+00, 1.0157934326693031e+01,
    4.7002647211684270e+00, 1.1814804792246110e+00,
    1.0055713488204029e+01, 4.8310036621322396e+00,
    1.1207674130298630e+00, 4.4684447747638298e+00,
    -5.3212676981009777e+00, 1.6102621666315124e+00,
    1.4034998128337485e+01, -5.4165405177427637e+00,
    1.3110268207536244e+00, 1.4017256886241221e+01,
    1.6853861814769981e+00, -7.3532657722633630e+00,
    2.1475337794897811e+01, 1.8953664698808386e+00,
    -4.3638230928695201e+00, 2.1945483348930043e+01,
    7.0252339057786601e+00, -4.5163129425616209e+00,
    2.1626946126816286e+01, 6.9799846162195296e+00,
    -7.7757223979188570e+00, 2.2157902597055628e+01,
    9.5251051131438604e+00, -3.7937229041501452e+00,
    2.2332767596465722e+01, 9.7789041773499008e+00,
    -9.4895724895017475e-01, 2.2613692880631419e+01,
    1.0732255171682366e+01, -9.6253881105999461e-01,
    2.1571702054313597e+01, 1.1092966848914219e+01,
    -3.9067997516752406e+00, 2.2494856332067780e+01 ]
x:
   - [ 0, 1 ]
   - [ 2, 3 ]
   - [ 4, 5 ]
   - [ 8, 9 ]
   - [ 10, 11 ]
   - [ 12, 13 ]
   - [ 14, 15 ]
y:
   - [ 0, 1, 2, 3, 4, 5 ]
   - [ 8, 11 ]
   - [ 9, 10 ]
   - [ 13, 14 ]
   - [ 12, 15 ]
z:
   - [ 0, 3, 4 ]
   - [ 1, 2, 5 ]
   - [ 8, 9, 10, 11 ]
   - [ 12, 13, 14, 15 ]
first: [ 227, 726, 312, 741, 397, 688, 470, 665, 537, 644, 589,
    628 ]
second: [ 534, 814, 696, 687, 654, 720, 631, 740, 590, 775, 714,
    671 ]
third: [ 1217, 802, 1183, 775, 1140, 742, 1103, 713, 1069, 687, 1005,
    638 ]
fourth: [ 1662, 712, 1590, 695, 1524, 681, 1436, 661, 1487, 672, 1399,
    652 ]
