%YAML:1.0
---
image1:
   line1: [ 84., 1000., 997., 729. ]
   line2: [ 742., 970., 1036., 773. ]
   line3: [ 1476., 976., 1100., 730. ]
   line4: [ 1872., 852., 1139., 722. ]
start: [ 0., 0., 0., 1.399]
