%YAML:1.0
---
figure1: [ 657, 866, 687, 868, 751, 822, 823, 822,
    831, 804, 854, 871, 872, 871, 952, 802, 
    943, 801, 1061, 865, 1100, 863, 1088, 813,
    1060, 815, 1271, 848, 1286, 847, 1191, 787, 
    1180, 787, 772, 512, 914, 501, 911, 432,
    771, 445, 956, 426, 958, 495, 1108, 485,
    1103, 416 ]
figure2: [ 487, 924, 526, 929, 667, 850, 755, 852,
    778, 824, 752, 947, 778, 948, 926, 824, 
    916, 822, 1058, 946, 1114, 943, 1093, 845,
    1058, 847, 1366, 913, 1393, 912, 1218, 805, 
    1204, 805, 730, 484, 891, 470, 889, 392,
    731, 408, 940, 384, 942, 463, 1114, 451,
    1108, 374 ]
points3d: [ -3.0102723030230538e+00, 2.0174719188914034e+00,
    4.8652135650386423e+00, -2.7546686895687897e+00,
    2.0234507465534302e+00, 4.8948715256675115e+00,
    -3.2171696115330062e+00, 2.5991592566013173e+00,
    8.7258696136120957e+00, -2.3120525244198586e+00,
    2.5373731362166123e+00, 8.6386261263507294e+00,
    -2.6264160287576130e+00, 2.8557930617068115e+00,
    1.0920301009091478e+01, -1.3412559046089163e+00,
    1.9419171811054583e+00, 4.8005544938192255e+00,
    -1.1978432650114210e+00, 1.9345805509868219e+00,
    4.7935226570391816e+00, -9.0877935096910833e-01,
    2.7694099440457718e+00, 1.0805253341958890e+01,
    -1.0619022992055684e+00, 2.8601652639390815e+00,
    1.1247882098067658e+01, 2.3964269484844350e-01,
    1.7613113360155004e+00, 4.4623273772715848e+00,
    5.1878460464544585e-01, 1.7569697189696512e+00,
    4.4789677522173328e+00, 7.0527085381634258e-01,
    2.1931721959774788e+00, 7.8340482774785904e+00,
    4.1744194527877898e-01, 2.2358177439166114e+00,
    7.9349295088282030e+00, 1.8990196979197105e+00,
    1.7749616235030139e+00, 4.7436918212911863e+00,
    1.9592470153769521e+00, 1.7045042985897014e+00,
    4.5189386951412711e+00, 2.4440163666730590e+00,
    2.6496807485984992e+00, 1.1072024787548408e+01,
    2.3161850993331727e+00, 2.6867986552497904e+00,
    1.1256794350507983e+01, -4.9686083290485152e+00,
    -1.6493730296284328e+00, 1.7316339458066533e+01,
    -2.0313847599481734e+00, -1.8550738179188455e+00,
    1.7296408970982718e+01, -2.1315539606552139e+00,
    -3.3143610692857401e+00, 1.7647211584682427e+01,
    -5.0844482695229001e+00, -3.0858868796370786e+00,
    1.7634232893314376e+01, -1.1832343588783703e+00,
    -3.3736417486613037e+00, 1.7251123483331778e+01,
    -1.1501778460313485e+00, -1.9902691318472896e+00,
    1.7472060223612623e+01, 1.8579156774889660e+00,
    -2.1704353418191822e+00, 1.7141209672658988e+01,
    1.8278808226248306e+00, -3.6644498018760672e+00,
    1.7729805116990953e+01 ]
x:
   - [ 5, 8 ]
   - [ 6, 7 ]
   - [ 9, 12 ]
   - [ 10, 11 ]
   - [ 16, 13 ]
   - [ 14, 15 ]
   - [ 17, 20 ]
   - [ 18, 19 ]
   - [ 21, 22 ]
   - [ 23, 24 ]
z:
   - [ 2, 3 ]
   - [ 0, 1 ]
   - [ 7, 8 ]
   - [ 5, 6 ]
   - [ 12, 11 ]
   - [ 10, 9 ]
   - [ 16, 15 ]
   - [ 13, 14 ]
   - [ 17, 18, 19, 20 ]
   - [ 21, 22, 23, 24 ]
y:
   - [ 0, 1, 2, 3, 4, 5, 6, 7, 8, 9, 10, 11, 12, 13, 14, 15, 16 ]
   - [ 17, 18 ]
   - [ 19, 20 ]
   - [ 21, 24 ]
   - [ 22, 23 ]
   