%YAML:1.0
---
image1:
   line1: [ 76., 488., 474., 361. ]
   line2: [ 346., 509., 541., 367. ]
   line3: [ 819., 522., 637., 376. ]
   line4: [ 1255., 517., 702., 366. ]
image2:
   line1: [ 21., 460., 442., 368. ]
   line2: [ 338., 512., 531., 379. ]
   line3: [ 832., 522., 643., 377. ]
   line4: [ 1246., 521., 755., 382. ]
